hbar = 6.582e-16;
me = 9.10938356e-31;
mp = 1.6726219e-27;
%ef = hbar^2/(2*mp)*(3*pi^2*5.446e34)^(2/3)
%pf = (3*pi^2)^(2/3)*(5.85e28)^(5/3)*hbar^2/5/me
efev = (9*pi*82/4/208)^(2/3)*197.3^2/(2*1.2^2*939.5)